001100001000100000001111101001100001 3
000110111001101010010101011000100111 3
001101001101110111110100100101011101 1
011111001110010100000100000100111101 1
010100001100011100100000101101110110 1
000010001011010110011100101001110100 3
001101010010000110000100111101011110 2
010010111010000010000011001001000111 3
000101000111010110000100011000101001 1
001101011000010000000001001101011110 3
000100101110111100111110001100001111 1
000000001100010100111101001110011100 1
000110111001101010010101011000100111 3
000100101100001100000110100110110011 1
001100001101010111000100000101110010 1
001001110010111011000101011110011011 2
011100001100010010010101001101110011 1
